2 0.484922 0.133194 0.018844 0.025139
2 0.885578 0.226118 0.058938 0.057042
2 0.723457 0.243139 0.054992 0.040667
2 0.715020 0.238229 0.055414 0.045236
2 0.769918 0.319097 0.068070 0.038778
2 0.495996 0.094250 0.012727 0.017583
2 0.406547 0.571160 0.075156 0.139653
2 0.833461 0.222326 0.043734 0.046875
2 0.520059 0.158056 0.019602 0.025944
2 0.796367 0.344090 0.098266 0.072042
2 0.769508 0.310229 0.076500 0.053875
2 0.746984 0.279208 0.072063 0.061639
2 0.784621 0.223028 0.045977 0.044889
2 0.836484 0.380875 0.108875 0.067194
2 0.727656 0.250583 0.061641 0.047444
