2 0.714848 0.210285 0.044930 0.045375
2 0.741680 0.334160 0.113063 0.082153
2 0.782191 0.368493 0.108352 0.090542
2 0.807629 0.205604 0.054648 0.069597
2 0.415648 0.084576 0.011359 0.015153
2 0.404578 0.126028 0.015594 0.022694
2 0.707477 0.301812 0.074422 0.052625
2 0.758617 0.208229 0.043703 0.044708
2 0.366398 0.528056 0.068281 0.123944
2 0.695645 0.273507 0.097336 0.060403
2 0.647777 0.230188 0.059617 0.044458
2 0.666809 0.247799 0.069164 0.048597
2 0.443488 0.151993 0.019961 0.023375
2 0.850266 0.215264 0.044797 0.043750
