2 0.153824 0.336813 0.081977 0.109292
2 0.806234 0.156736 0.076391 0.066528
2 0.552066 0.030472 0.045133 0.054750
2 0.928633 0.039951 0.054078 0.039708
2 0.705586 0.113562 0.065359 0.067319
2 0.757742 0.127007 0.074531 0.081708
2 0.125648 0.064750 0.057016 0.056139
2 0.590930 0.024792 0.041266 0.048000
2 0.622500 0.021236 0.029703 0.040472
2 0.819773 0.085861 0.062547 0.046444
2 0.933891 0.119472 0.069203 0.061889
2 0.862879 0.018840 0.028305 0.036514
2 0.849879 0.107479 0.032102 0.038847
2 0.857449 0.107903 0.047430 0.040361
