2 0.955602 0.222611 0.059516 0.054694
2 0.938441 0.474861 0.123117 0.147500
2 0.416043 0.054736 0.009602 0.015444
2 0.408992 0.105278 0.012781 0.021111
2 0.445242 0.144785 0.019969 0.027819
2 0.783883 0.218917 0.061719 0.054583
2 0.838602 0.214951 0.061766 0.059542
2 0.339297 0.826056 0.127563 0.333972
2 0.825711 0.362972 0.128437 0.077139
2 0.363762 0.481687 0.070070 0.120319
2 0.899020 0.211799 0.076758 0.077403
2 0.712965 0.250063 0.078070 0.058236
2 0.884410 0.413944 0.161289 0.109694
2 0.743215 0.273139 0.092758 0.065806
2 0.790672 0.310708 0.130969 0.083833
