2 0.369906 0.548694 0.070016 0.128778
2 0.722445 0.214188 0.044437 0.045431
2 0.694621 0.270382 0.087602 0.061097
2 0.675668 0.249951 0.070570 0.053514
2 0.860160 0.221514 0.041930 0.051167
2 0.815875 0.211917 0.057000 0.060306
2 0.786176 0.365146 0.105102 0.083847
2 0.420621 0.131896 0.014602 0.022708
2 0.430746 0.087507 0.014133 0.014319
2 0.456539 0.154382 0.018359 0.023208
2 0.748977 0.334694 0.108000 0.072333
2 0.655418 0.231514 0.059914 0.045028
2 0.768789 0.211576 0.042359 0.047847
2 0.713023 0.303160 0.077828 0.050042
