2 0.710859 0.211354 0.041281 0.043986
2 0.666207 0.246361 0.070133 0.046333
2 0.692719 0.272507 0.095422 0.059875
2 0.756223 0.209472 0.045102 0.045194
2 0.705320 0.298965 0.073094 0.053431
2 0.361734 0.542458 0.066031 0.127250
2 0.804570 0.207687 0.056062 0.063736
2 0.406250 0.129007 0.016016 0.026792
2 0.415906 0.085035 0.011781 0.017597
2 0.443207 0.152104 0.019680 0.028014
2 0.657137 0.229979 0.080055 0.052153
2 0.848855 0.216903 0.041930 0.045306
2 0.740406 0.331799 0.108828 0.077375
2 0.775684 0.366625 0.104898 0.074667
