2 0.760520 0.210187 0.043820 0.045792
2 0.789395 0.379056 0.110133 0.093028
2 0.373000 0.963882 0.111656 0.069514
2 0.408348 0.127292 0.019367 0.021861
2 0.670891 0.252333 0.074031 0.052861
2 0.361977 0.519139 0.065547 0.120667
2 0.856867 0.218590 0.044313 0.044958
2 0.443488 0.149528 0.019492 0.025583
2 0.697918 0.275847 0.096523 0.064389
2 0.651281 0.231979 0.059094 0.043819
2 0.716754 0.211944 0.043977 0.046639
2 0.748125 0.343868 0.112422 0.073347
2 0.720863 0.307917 0.094102 0.053778
2 0.815563 0.208132 0.052937 0.064903
2 0.766273 0.209757 0.046859 0.048681
2 0.416695 0.081576 0.013391 0.010819
