2 0.091750 0.312125 0.037734 0.072250
2 0.166340 0.135090 0.042961 0.032097
2 0.084496 0.116000 0.047602 0.031056
2 0.095234 0.089174 0.042375 0.026931
2 0.010320 0.055632 0.020641 0.023847
2 0.015254 0.026736 0.030508 0.030028
2 0.170984 0.106715 0.044109 0.033125
2 0.175340 0.084528 0.043539 0.011444
2 0.076293 0.144306 0.040352 0.044472
2 0.834047 0.102361 0.037781 0.027472
2 0.052629 0.316701 0.039367 0.076847
2 0.675715 0.772465 0.055867 0.106958
2 0.015672 0.320299 0.031000 0.066319
2 0.586023 0.862674 0.074297 0.081514
