2 0.759352 0.208028 0.042922 0.045972
2 0.647984 0.229417 0.060984 0.044556
2 0.696918 0.274819 0.101508 0.060722
2 0.745402 0.340056 0.109820 0.073222
2 0.443809 0.149736 0.020477 0.024528
2 0.715871 0.209910 0.046430 0.045319
2 0.856863 0.215229 0.040039 0.048653
2 0.811141 0.209785 0.056109 0.067931
2 0.785020 0.371847 0.104586 0.092222
2 0.414707 0.082896 0.010414 0.013486
2 0.406016 0.126451 0.019312 0.025208
2 0.364449 0.522896 0.067445 0.122931
2 0.669773 0.248493 0.070797 0.050958
2 0.714063 0.305542 0.083734 0.052778
