2 0.370855 0.492958 0.060492 0.055639
2 0.833914 0.100847 0.043484 0.031111
2 0.490750 0.893847 0.079359 0.081139
2 0.043629 0.321347 0.027539 0.067028
2 0.007129 0.055111 0.014258 0.016611
2 0.078687 0.141799 0.053406 0.035181
2 0.081594 0.115486 0.046437 0.034167
2 0.093781 0.087625 0.039469 0.023833
2 0.174758 0.087111 0.043531 0.022806
2 0.168371 0.106194 0.044695 0.030028
2 0.168082 0.137674 0.039477 0.037264
2 0.298980 0.827583 0.072555 0.075333
2 0.016707 0.026736 0.033414 0.032083
2 0.088957 0.309743 0.035320 0.071125
2 0.013754 0.319465 0.027445 0.067042
