2 0.350059 0.511694 0.064805 0.116861
2 0.649145 0.238674 0.062602 0.049069
2 0.673824 0.255618 0.077492 0.055153
2 0.716898 0.219389 0.045219 0.045944
2 0.720391 0.317812 0.093797 0.057819
2 0.764129 0.216917 0.048164 0.049639
2 0.794574 0.393625 0.114242 0.097944
2 0.747504 0.354396 0.110102 0.079347
2 0.816637 0.216493 0.055555 0.068819
2 0.413109 0.081062 0.010922 0.011319
2 0.335621 0.910958 0.133461 0.174389
2 0.402648 0.123521 0.014563 0.021847
2 0.861785 0.224771 0.043102 0.044264
2 0.440973 0.148826 0.024070 0.033569
2 0.696961 0.284576 0.094453 0.065375
