2 0.675832 0.253549 0.078273 0.055403
2 0.441680 0.153646 0.018797 0.021681
2 0.718434 0.316326 0.088633 0.056181
2 0.345098 0.926583 0.134461 0.144167
2 0.355184 0.514535 0.064477 0.119958
2 0.406266 0.124292 0.020063 0.020306
2 0.413770 0.081014 0.010508 0.013028
2 0.790250 0.389986 0.111969 0.090667
2 0.860312 0.224986 0.048266 0.042139
2 0.819367 0.212451 0.055547 0.065597
2 0.717805 0.217444 0.043078 0.047139
2 0.651887 0.236583 0.058758 0.048222
2 0.751719 0.351535 0.116250 0.078125
2 0.699445 0.281861 0.098219 0.063556
2 0.763969 0.214903 0.045516 0.048278
