2 0.835793 0.100361 0.043805 0.029972
2 0.614395 0.843639 0.081164 0.088389
2 0.174453 0.085556 0.039687 0.019167
2 0.050484 0.316458 0.037891 0.081528
2 0.684773 0.725507 0.043156 0.108875
2 0.014473 0.319701 0.028898 0.070125
2 0.078109 0.140771 0.042953 0.033125
2 0.168082 0.108264 0.038305 0.030028
2 0.167500 0.137674 0.034828 0.037264
2 0.089426 0.313160 0.036570 0.078431
2 0.081883 0.112903 0.045859 0.029000
2 0.092328 0.087104 0.038891 0.031069
2 0.018031 0.027257 0.034250 0.033125
2 0.006547 0.057181 0.013094 0.026944
