2 0.357078 0.515125 0.064359 0.120139
2 0.816863 0.214069 0.051461 0.067222
2 0.442434 0.149764 0.018695 0.022722
2 0.408312 0.121458 0.018703 0.019500
2 0.416500 0.080611 0.010516 0.012222
2 0.859223 0.221257 0.043992 0.045792
2 0.716648 0.215896 0.044875 0.046014
2 0.700242 0.278882 0.095203 0.061431
2 0.651391 0.233306 0.061078 0.045944
2 0.675461 0.252451 0.075922 0.054569
2 0.358492 0.943257 0.123797 0.111625
2 0.762234 0.213556 0.046750 0.048611
2 0.791617 0.384729 0.109234 0.096319
2 0.749934 0.347792 0.114664 0.076639
2 0.720234 0.312708 0.093125 0.055667
