2 0.834273 0.185972 0.083031 0.067000
2 0.963293 0.067167 0.058836 0.042083
2 0.157035 0.079431 0.058070 0.056611
2 0.728016 0.140361 0.064859 0.065222
2 0.885535 0.137597 0.047211 0.043722
2 0.782207 0.153167 0.079820 0.084389
2 0.614781 0.048729 0.041625 0.045819
2 0.845781 0.112604 0.061813 0.045014
2 0.746586 0.027562 0.044594 0.040292
2 0.576328 0.051562 0.044328 0.055375
2 0.891313 0.044764 0.029531 0.043361
2 0.944980 0.159556 0.016695 0.036278
2 0.828070 0.118597 0.027328 0.031194
2 0.160113 0.341028 0.081961 0.107556
