2 0.452184 0.092535 0.012727 0.019347
2 0.383234 0.555431 0.069984 0.132694
2 0.717992 0.274986 0.090984 0.062639
2 0.788957 0.215215 0.045602 0.047431
2 0.742598 0.215285 0.042039 0.046208
2 0.675484 0.233271 0.061187 0.045319
2 0.738992 0.306708 0.083391 0.050750
2 0.477234 0.153771 0.021984 0.027431
2 0.693797 0.249667 0.071000 0.048833
2 0.764719 0.340493 0.099187 0.069181
2 0.800055 0.365451 0.105281 0.064986
2 0.441945 0.133111 0.019062 0.025778
2 0.750457 0.310410 0.091148 0.045347
2 0.685773 0.242424 0.063906 0.047236
2 0.838961 0.213972 0.054172 0.067917
2 0.884871 0.222347 0.041508 0.046139
