2 0.833086 0.101694 0.042656 0.031417
2 0.081590 0.112903 0.047602 0.029000
2 0.167500 0.110326 0.042953 0.032097
2 0.167211 0.139736 0.034250 0.035194
2 0.014688 0.026229 0.029375 0.033125
2 0.008000 0.054083 0.016000 0.018667
2 0.079270 0.144375 0.042961 0.030028
2 0.013805 0.318319 0.027609 0.070167
2 0.087684 0.313153 0.040055 0.074306
2 0.072598 0.549472 0.071398 0.059861
2 0.208137 0.810563 0.075461 0.066042
2 0.048328 0.316931 0.039984 0.076833
2 0.439109 0.872153 0.072828 0.102056
2 0.094359 0.091229 0.041797 0.018681
