2 0.777953 0.363465 0.112125 0.085514
2 0.805039 0.206437 0.056062 0.062903
2 0.848828 0.215653 0.043859 0.044472
2 0.414707 0.084153 0.011352 0.016000
2 0.740484 0.332951 0.107047 0.076708
2 0.711668 0.210583 0.045820 0.045083
2 0.443113 0.153722 0.020492 0.022250
2 0.404937 0.127382 0.015187 0.022958
2 0.645426 0.228576 0.061523 0.046319
2 0.665352 0.246639 0.072547 0.046250
2 0.706566 0.301660 0.072789 0.052264
2 0.694672 0.273021 0.096484 0.060653
2 0.756828 0.207424 0.044203 0.045042
2 0.363105 0.535410 0.065445 0.127736
